Experiment Name	symbol	Probe Name	BR:MCF7	BR:MDA_MB_231	BR:HS578T	BR:BT_549	BR:T47D	CNS:SF_268	CNS:SF_295	CNS:SF_539	CNS:SNB_19	CNS:SNB_75	CNS:U251	CO:COLO205	CO:HCC_2998	CO:HCT_116	CO:HCT_15	CO:HT29	CO:KM12	CO:SW_620	LE:CCRF_CEM	LE:HL_60	LE:K_562	LE:MOLT_4	LE:RPMI_8226	LE:SR	ME:LOXIMVI	ME:MALME_3M	ME:M14	ME:SK_MEL_2	ME:SK_MEL_28	ME:SK_MEL_5	ME:UACC_257	ME:UACC_62	ME:MDA_MB_435	ME:MDA_N	LC:A549	LC:EKVX	LC:HOP_62	LC:HOP_92	LC:NCI_H226	LC:NCI_H23	LC:NCI_H322M	LC:NCI_H460	LC:NCI_H522	OV:IGROV1	OV:OVCAR_3	OV:OVCAR_4	OV:OVCAR_5	OV:OVCAR_8	OV:SK_OV_3	OV:NCI_ADR_RES	PR:PC_3	PR:DU_145	RE:786_0	RE:A498	RE:ACHN	RE:CAKI_1	RE:RXF_393	RE:SN12C	RE:TK_10	RE:UO_31	
RNA: Agilent mRNA/log2	AT_D_3	AT_D_3	-7.45	-7.51	-7.3	-7.37	-6.15	-7.16	-7.03	-7.44	-7.43	-7	-7.56	-6.18	-7.36	-6.78	-7.46	-7.07	-6.92	-6.98	-7.45	-7.03	-7.21	-7.24	-6.76	-7.04	-7	-6.76	-7.23	-7.22	-7.22	-6.84	-7.16	-7.32	-7.13	-7.47	-7.12	-7.02	-7.19	-7.25	-7.23	-7.41	-7.44	-7.29	-7.37	-7.03	-6.76	-7.2	-6.54	-7.15	-6.77	-6.62	-6.88	-6.78	-7.25	-7.17	-6.51	-6.66	-6.53	-6.86	-7.03	-6.85
RNA: Agilent mRNA/log2	AT_D_5	AT_D_5	-7.05	-6.62	-6.88	-6.78	-7.18	-7.25	-7.22	-7.37	-7.26	-6.64	-6.13	-6.77	-6.59	-6.37	-7.72	-7.07	-6.92	-6.98	-7.45	-7.03	-7.08	-7.07	-6.59	-6.92	-7	-6.98	-7.23	-6.89	-6.91	-7.11	-7.3	-6.83	-7.43	-7.47	-7.16	-7.4	-7.42	-7.25	-7.23	-6.9	-7.28	-7.29	-7.06	-6.74	-6.55	-6.72	-6.54	-7.08	-6.75	-6.89	-6.27	-7.04	-6.68	-6.83	-6.65	-6.61	-6.23	-6.74	-6.85	-6.67
RNA: Agilent mRNA/log2	AT_D_M	AT_D_M	-7.05	-7.29	-7.3	-7.37	-7.61	-6.56	-7.63	-7.44	-7.43	-7.31	-7.5	-6.77	-6.43	-6.82	-7.72	-7.07	-6.92	-6.98	-7.45	-7.03	-7.25	-7	-6.85	-7.04	-7	-7.05	-7.23	-7.04	-7.02	-7.11	-7.3	-7.32	-7.45	-7.47	-7.16	-7.4	-7.42	-7.25	-7.04	-7.41	-7.44	-7.29	-7.37	-7.03	-6.77	-7.05	-6.54	-7.16	-6.77	-6.84	-6.45	-7.29	-7.25	-7.14	-6.53	-6.93	-6.17	-7.2	-6.93	-6.85
RNA: Agilent mRNA/log2	AT_L_3	AT_L_3	-7.32	-7.01	-7.22	-6.6	-7.45	-7	-7.32	-7.27	-7.39	-7.31	-6.97	-6.77	-7.07	-6.52	-7.72	-7.07	-6.92	-6.98	-7.45	-7.03	-7.19	-7.24	-6.6	-7.04	-7	-7.05	-7.23	-7.11	-7.19	-7.11	-7.3	-7.25	-7.05	-7.47	-7.16	-7.4	-7.42	-7.25	-7.23	-7.41	-7.34	-7.21	-7.37	-6.72	-6.61	-6.97	-6.54	-7.02	-6.77	-6.87	-6.3	-7.01	-6.73	-6.5	-6.37	-6.54	-7.07	-6.86	-6.55	-6.67
RNA: Agilent mRNA/log2	AT_L_5	AT_L_5	-7.38	-7.22	-7.3	-7.37	-7.7	-7.25	-7.61	-7.44	-7.43	-7.48	-7.5	-6.77	-7.24	-6.97	-7.72	-7.07	-6.92	-6.98	-7.45	-6.88	-7.28	-7.24	-6.76	-6.93	-6.95	-6.97	-7.23	-7.22	-7.2	-7.11	-7.3	-7.26	-7.42	-7.46	-7.16	-7.34	-7.42	-7.25	-7.23	-7.41	-7.44	-7.29	-7.37	-7.03	-6.73	-6.72	-6.54	-7.13	-6.77	-6.81	-6.48	-7.15	-7.06	-6.44	-6.47	-6.62	-7	-7.22	-6.89	-6.36
RNA: Agilent mRNA/log2	AT_L_M	AT_L_M	-7.39	-7.5	-7.3	-7.37	-7.74	-7.25	-7.63	-7.44	-7.43	-6.56	-7.56	-6.77	-7.29	-6.83	-7.72	-7.07	-6.92	-6.98	-7.45	-7.03	-7.26	-7.24	-6.89	-7.04	-7	-7.05	-6.95	-7.22	-7.04	-7.11	-7.3	-7.32	-7.4	-7.47	-7.16	-7.4	-7.42	-7.25	-7.23	-7.41	-7.44	-7.29	-7.37	-7.03	-6.51	-7.21	-6.54	-7.17	-6.77	-7.18	-5.89	-7.3	-7.25	-7.17	-7.01	-6.94	-6.76	-6.93	-7.03	-7.28
RNA: Agilent mRNA/log2	AT_nB_3	AT_nB_3	-5.71	-5.36	-5.89	-5.03	-5.35	-6.13	-6.13	-6.5	-7.35	-5.43	-5.42	-6.71	-5.27	-5.36	-6.95	-6.46	-6.05	-5.89	-6.55	-7.03	-6.33	-6.04	-5.77	-6.76	-6.84	-5.78	-6.79	-6.59	-6.1	-6.07	-7.08	-5.31	-6.25	-7.22	-6.56	-6.95	-7.42	-6.44	-7.16	-6.16	-5.97	-7.09	-6.04	-5.55	-5.46	-5.23	-6.54	-6.01	-6.77	-5.67	-5	-5.92	-5.91	-5.74	-5.25	-5.66	-4.61	-5.65	-6.13	-5.36
RNA: Agilent mRNA/log2	AT_nB_5	AT_nB_5	-5.05	-4.74	-5.95	-4.9	-5.07	-5.28	-5.98	-6.34	-7.04	-4.79	-4.92	-6.77	-4.61	-4.9	-6.84	-6.53	-5.84	-5.91	-6.8	-6.9	-5.83	-5.99	-5.71	-6.73	-6.38	-5.18	-6.83	-5.82	-5.37	-6.87	-6.74	-5.01	-5.73	-6.88	-6.58	-6.85	-7.38	-6.6	-7.23	-6.28	-6.2	-6.99	-5.51	-5.35	-4.46	-5.53	-6.54	-5.19	-6.77	-5.33	-4.24	-5.33	-5.28	-5.3	-4.65	-4.98	-4.67	-5.04	-5.11	-4.83
RNA: Agilent mRNA/log2	AT_nC_3	AT_nC_3	-6.24	-5.91	-5.69	-6.06	-6.09	-6.36	-5.91	-6.11	-6.41	-5.9	-6.03	-5.53	-6.03	-5.7	-7.16	-6.34	-6.32	-5.92	-7.15	-6.53	-6.53	-6.41	-5.62	-6.44	-6.27	-5.99	-6.69	-6.31	-6.39	-6.01	-6.57	-6.53	-5.48	-7.05	-6.52	-7.01	-6.29	-6.72	-5.86	-6.3	-6.67	-7.1	-7.04	-5.92	-5.9	-6.36	-6.08	-5.76	-6.17	-6.31	-5.61	-6.16	-6.12	-5.68	-5.48	-5.87	-5.78	-6.57	-5.61	-5.98
RNA: Agilent mRNA/log2	AT_nC_5	AT_nC_5	-5.83	-4.87	-6.09	-5.52	-5.59	-5.93	-5.3	-6.24	-7.01	-5.09	-5.19	-6.77	-5.16	-5.17	-6.53	-6.88	-6.27	-5.79	-6.54	-6.37	-6.25	-6.01	-5.68	-6.52	-6.17	-5.82	-6.62	-6.26	-6.23	-6.36	-6.82	-5.77	-6	-6.4	-6.77	-6.56	-6.4	-7.2	-6.86	-6.27	-6.36	-6.53	-5.6	-5.35	-5.41	-5.7	-6.54	-5.27	-6.77	-5.76	-4.72	-5.8	-4.92	-5.41	-4.81	-5.38	-5.26	-5.01	-5.51	-4.5
RNA: Agilent mRNA/log2	AT_nD_3	AT_nD_3	-4.38	-3.89	-4.54	-3.67	-3.78	-4.19	-4.47	-4.93	-5.4	-3.92	-4.13	-5.95	-4.03	-3.57	-6.02	-5.15	-4.81	-4.58	-4.68	-5.15	-4.78	-4.76	-3.88	-5.12	-5.05	-3.43	-4.45	-4.34	-4.17	-5.12	-4.99	-3.97	-4.24	-4.76	-4.99	-5.57	-6.29	-5.06	-6.35	-4.85	-4.95	-5.1	-4.49	-4.52	-3.64	-4.24	-5.95	-4.27	-5.2	-4.57	-3.37	-4.48	-4.33	-3.64	-3.71	-3.84	-3.68	-4.08	-4.02	-3.92
RNA: Agilent mRNA/log2	AT_nD_5	AT_nD_5	-5.13	-4.92	-5.53	-4.69	-4.88	-5.4	-5.51	-5.86	-6.86	-4.86	-5.15	-6.6	-4.49	-4.86	-6.55	-6.44	-5.77	-6	-6.9	-6.27	-5.74	-5.94	-5.33	-6.14	-6.12	-5.63	-6.34	-6.18	-5.32	-6.67	-7.04	-5.02	-5.59	-6.54	-6.21	-6.77	-7.32	-6.44	-7.2	-5.9	-6.21	-6.44	-5.37	-5.46	-4.56	-4.99	-6.54	-5.07	-6.77	-5.31	-4.58	-5.57	-5.14	-4.66	-4.46	-5.32	-4.68	-4.99	-5.33	-5.08
RNA: Agilent mRNA/log2	AT_nX_3	AT_nX_3	-7.45	-7.51	-7.3	-7.37	-7.74	-7.25	-7.63	-7.44	-7.43	-7.63	-7.55	-6.77	-7.36	-7.11	-7.72	-7.07	-6.92	-6.98	-7.45	-7.03	-7.24	-7.17	-6.93	-7.04	-7	-6.93	-7.23	-7.22	-6.02	-7.11	-7.3	-7.32	-7.49	-7.47	-7.16	-7.4	-7.42	-7.25	-7.23	-7.41	-7.44	-7.29	-7.37	-7.03	-7.01	-7.23	-6.54	-7.21	-6.77	-7.26	-7.09	-7.3	-7.25	-7.17	-6.88	-7	-7.1	-7.25	-7.03	-7.36
RNA: Agilent mRNA/log2	AT_nX_5	AT_nX_5	-7.45	-7.51	-7.3	-7.37	-7.74	-7.25	-7.45	-7.44	-6.92	-6.95	-7.56	-6.77	-7.31	-6.86	-7.72	-7.07	-6.92	-6.95	-7.45	-7.03	-7.18	-7.24	-6.88	-7.04	-7	-7.05	-7.23	-7.22	-7.3	-7.11	-7.3	-7.32	-6.82	-7.47	-7.16	-7.4	-7.42	-7.25	-7.23	-7.41	-7.44	-7.29	-7.37	-6.82	-7.1	-7.23	-6.54	-7.21	-6.77	-7.1	-6.64	-7.3	-7.25	-6.78	-7.13	-7	-7.1	-7.26	-7.03	-7.36
RNA: Agilent mRNA/log2	AT_P_3	AT_P_3	-7.2	-7.12	-6.67	-7.35	-7.59	-6.82	-7.37	-7.44	-7.43	-7.25	-7.42	-6.77	-7.18	-7.05	-7.56	-7.07	-6.92	-6.98	-7.45	-7.03	-7.26	-7.24	-6.91	-7.04	-7	-7	-7.22	-7.22	-7.21	-7.11	-7.3	-6.72	-6.68	-7.47	-7.16	-7.4	-7.42	-7.25	-7.23	-7.41	-7.34	-7.29	-7.37	-7.03	-7.02	-7.23	-6.54	-7.21	-6.77	-7.09	-6.81	-7.14	-7.25	-7.17	-6.93	-6.82	-6.97	-7.24	-7.03	-7.36
RNA: Agilent mRNA/log2	AT_P_5	AT_P_5	-7.45	-7.51	-7.3	-7.37	-7.74	-7.12	-7.63	-7.44	-7.43	-7.65	-7.56	-6.77	-7.36	-7.11	-7.72	-7.07	-6.92	-6.98	-7.45	-6.65	-7.23	-6.88	-6.93	-7.04	-7	-7.05	-7.23	-7.22	-7.22	-7.11	-7.3	-7.32	-7.47	-7.47	-7.16	-7.4	-7.42	-7.2	-7.23	-7.41	-7.44	-7.29	-7.37	-7.03	-6.79	-6.87	-6.54	-7.21	-6.77	-7.27	-6.88	-7.3	-7.25	-6.42	-7.13	-6.97	-6.2	-7.24	-7.03	-7.36
RNA: Agilent mRNA/log2	AT_P_M	AT_P_M	-6.84	-6.18	-6.86	-5.64	-6.49	-6.39	-6.85	-6.54	-7.42	-6.12	-6.17	-6.62	-6.49	-6.22	-7.46	-6.89	-6.92	-6.76	-7.29	-7.03	-6.86	-6.66	-6.38	-6.81	-6.72	-6.9	-6.98	-6.84	-6.14	-6.58	-7.26	-6.43	-6.2	-7.25	-7.11	-7.4	-6.74	-6.59	-6.48	-7.25	-7.27	-7.29	-6.75	-5.78	-6.43	-6.22	-6.54	-6.21	-6.77	-6.02	-5.48	-6.2	-6.1	-6.2	-5.79	-5.62	-5.85	-5.97	-5.71	-5.95
RNA: Agilent mRNA/log2	AT_ssH_AB_3	AT_ssH_AB_3	7.13	7.65	8.45	8.09	7.34	8.24	8.08	8.38	8.11	7.95	8.23	7.11	7.7	7.02	7.12	7.23	7.67	7.48	7.93	8.06	7.11	7.18	7.1	8.28	7.73	7.42	7.62	7.27	7.33	7.68	7.45	7.26	7.38	7.08	7.63	8.08	7.47	7.83	7.96	7.88	7.75	7.9	6.96	7.86	7.96	7.61	7.81	7.89	7.57	7.73	7.92	7.64	8.13	8.29	8.13	7.38	8.31	7.79	8.06	8.15
RNA: Agilent mRNA/log2	AT_ssH_AB_5	AT_ssH_AB_5	3.97	5.23	6.21	5.85	4.82	6.58	5.85	6.18	5.9	5.34	5.91	5.09	5.14	4.87	4.51	4.55	5.65	5.11	5.79	4.88	4.21	5.56	4.33	5.41	5.54	5.03	5.01	4.51	5.27	6.03	5.36	4.56	5.28	5.22	5.87	5.75	5.33	5.64	4.95	5.52	5.04	5.5	5.81	5.44	5.23	5.42	5.04	5.23	5.72	5.15	5.2	5.17	6.04	5.7	5.77	5.75	5.31	5.67	5.99	5.64
RNA: Agilent mRNA/log2	AT_ssH_GD_3	AT_ssH_GD_3	0.94	0.4	1.04	0.82	-1.06	1.94	1.7	0.48	1.62	0.59	1.87	2.5	0.94	1.32	-0.68	-0.75	1.3	0.31	-0.33	-1.5	1.31	1.74	1.71	3.12	3.28	3.69	2.54	2.34	4.04	2.47	1.93	3.27	2.58	2.51	0.12	-0.85	3.15	-0.84	2.39	0.07	0.78	0.38	-0.9	2.69	2.43	1.89	1.84	2.91	1.81	3.07	2.3	2.28	2.11	2.17	2.29	2.72	2.55	2.35	2.14	3.16
RNA: Agilent mRNA/log2	AT_ssH_GD_5	AT_ssH_GD_5	-6.7	-6.54	-6.45	-6.48	-6.94	-6.3	-6.43	-6.8	-7.43	-6.93	-6.91	-5.79	-6.62	-6.09	-7.37	-7.06	-6.86	-6.94	-7.02	-7.03	-6.66	-7.04	-6.17	-6.8	-6.39	0.11	-5.44	-6.12	0.32	-6.38	-3.02	-2.26	-6.68	-7.12	-6.86	-7.4	-7.14	-6.94	-6.64	-6.31	-6.69	-7.29	-6.77	-6.16	-6.51	-6.42	-5.86	-6.58	-6.19	-6.54	-5.45	-6.67	-6.24	-6.38	-5.95	-6.1	-6.2	-6.22	-6.71	-6.06
RNA: Agilent mRNA/log2	AT_ssH_PC_3	AT_ssH_PC_3	1.23	0.41	0.22	0.23	0.36	0.01	-0.24	0.32	0.31	0.16	-0.83	1.2	-0.39	-0.5	0.62	0.49	-2.01	0.4	-3.61	-1.72	0.52	0.83	-1.05	-2.88	-0.48	1.22	0.19	0.25	1.71	-0.06	0.99	0.61	0.84	0.75	0.51	2.49	0.1	-0.15	-1.8	0.17	0.87	0.97	-1.08	0.14	-0.51	-0.01	0.88	-1.2	1.28	-1.42	0.81	-0.99	-0.05	-0.25	-2.52	-0.49	0.24	0.48	-0.99	-1.03
RNA: Agilent mRNA/log2	AT_ssH_PC_5	AT_ssH_PC_5	-4.48	-4.82	-4.92	-4.71	-4.45	-5.26	-5.43	-4.51	-5.17	-4.77	-5.17	-4.61	-5.15	-4.62	-4.7	-5.43	-5.93	-4.87	-5.9	-6.07	-4.87	-4.6	-5.6	-6.3	-5.26	-4.53	-5.36	-4.94	-3.09	-5.12	-4.58	-3.78	-4.64	-4.96	-5.25	-3.23	-5.14	-5.6	-5.26	-5.04	-4.5	-4.72	-5.68	-4.55	-3.77	-4.62	-5.56	-5.06	-4.76	-5.36	-4.11	-5.03	-5.47	-5.09	-5.22	-5.27	-5.32	-4.93	-5.35	-5.17
RNA: Agilent mRNA/log2	AT_ssH_RR_3	AT_ssH_RR_3	3.12	2.66	2.38	2.87	2.17	1.52	2.69	3.34	2.07	0.62	1.53	0.85	2.29	2.2	1.26	4.52	2.87	2.65	1.74	1.79	3.03	2.52	1.68	2.2	3.29	2.01	1.72	3.07	2.97	3.35	3.47	3.5	1.83	1.66	3.66	1.76	2.33	2.7	4.04	3.64	2.82	2.79	4.45	4.74	2.81	2.26	3.09	3.34	1.92	2.56	1.84	2.61	1.25	2.66	1.66	3.01	1.65	1.27	1.91	1.23
RNA: Agilent mRNA/log2	AT_ssH_RR_5	AT_ssH_RR_5	5.77	5.92	5.8	5.93	5.98	4.58	6	6.22	5.76	5.34	5.51	5.39	4.97	5.32	4.75	5.21	5.56	4.82	5.08	4.97	5.4	5.4	5.2	5.94	6.2	5.77	5.52	5.98	6.23	6.19	6.07	6	5.99	5.62	5.49	5.4	6.01	5.09	6.66	5.31	5.42	5.45	5.66	6.15	6.14	5.38	6.07	5.79	5.39	5.49	5.53	5.86	5.06	5.98	5.11	5.28	5.58	4.7	5.07	4.98
RNA: Agilent mRNA/log2	AT_ssH_TR_3	AT_ssH_TR_3	5.07	4.56	4.5	5.24	6.7	4.73	4.48	3.94	5.47	3.25	5.49	6.26	5.49	4.86	5.17	4.79	5.78	4.82	5.94	6	5.81	5.15	4.97	4.84	5.03	4.74	5.2	5.35	5.38	4.98	5.22	5	5.15	4.9	4.44	4.39	5.19	4.57	3.77	4.93	5.54	5.08	4.47	4.9	5.01	4.92	5.02	3.89	4.45	3.93	4.78	5.08	4.93	3.79	3.38	4.59	3.88	4.46	4.87	5.04
RNA: Agilent mRNA/log2	AT_ssH_TR_5	AT_ssH_TR_5	-1.23	-2	-1.7	-1.45	0.46	-2.25	-2.08	-1.98	-1.26	-3.06	-1.4	-0.76	-1.12	-2.33	-1.33	-2.35	-1.21	-2.04	-0.24	-0.47	-0.64	-1.02	-1.54	-1.78	-1.89	-2.05	-1.6	-1.22	-0.98	-1.52	-1.5	-1.2	-0.94	-1.08	-2.72	-2.32	-1.71	-2.22	-2.6	-1.8	-1.23	-1.56	-2.42	-1.83	-1.54	-1.78	-1.91	-3.07	-2.78	-2.71	-1.75	-1.93	-1.59	-3.24	-3.4	-2.23	-2.9	-2.1	-2.15	-1.58
RNA: Agilent mRNA/log2	AT_T_3	AT_T_3	-6.77	-6.64	-6.81	-6.68	-6.82	-6.82	-7.2	-7.44	-7.43	-6	-6.61	-6.77	-6.75	-6.42	-7.72	-7.07	-6.68	-6.98	-7.36	-6.77	-7.05	-6.94	-6.27	-7.04	-7	-6.88	-7.09	-6.88	-6.67	-7.11	-7.3	-6.69	-6.89	-7.47	-7.16	-7.4	-7.42	-7.25	-7.11	-7.05	-6.98	-6.86	-6.97	-6.36	-6.35	-6.9	-6.54	-6.68	-6.77	-6.74	-5.59	-6.87	-6.65	-6.4	-6.16	-6.41	-6.69	-6.68	-6.62	-6.51
RNA: Agilent mRNA/log2	AT_T_5	AT_T_5	-6.51	-5.66	-6.64	-5.54	-6	-6.33	-6.66	-6.58	-7.43	-6.13	-6.13	-6.77	-6.16	-5.91	-7.65	-7.05	-6.65	-6.94	-7.34	-7.03	-6.83	-6.56	-6.26	-7.04	-7	-6.48	-7.13	-6.86	-6.53	-7.11	-7.3	-6.6	-6.85	-7.43	-7.12	-7.4	-7.42	-7.25	-7.18	-6.75	-6.55	-7.29	-6.62	-6.45	-5.9	-6.72	-6.54	-6.08	-6.77	-6.33	-5.4	-6.53	-6.32	-6.52	-5.29	-5.95	-5.84	-6.52	-6.15	-5.67
RNA: Agilent mRNA/log2	AT_T_M	AT_T_M	-7.05	-7.37	-7.3	-7.19	-7.54	-7.25	-7.5	-7.44	-7.43	-7.37	-7.34	-6.77	-6.86	-6.81	-7.72	-7.07	-6.92	-6.98	-7.45	-7.03	-7.07	-7.19	-6.78	-7.04	-6.91	-6.91	-7.23	-7.14	-7.15	-7.11	-7.3	-6.63	-7.42	-7.47	-7.16	-7.4	-7.42	-7.25	-7.03	-7.26	-7.44	-7.29	-7.22	-7.03	-6.96	-7.08	-6.54	-7.21	-6.77	-7.18	-6.53	-7.3	-7.21	-7.09	-6.95	-6.94	-6.94	-6.82	-6.99	-7.17
RNA: Agilent mRNA/log2	AT_W_3	AT_W_3	-7.43	-7.51	-7.3	-7.37	-7.68	-7.25	-7.63	-7.35	-7.09	-7.48	-7.52	-6.77	-7.36	-7.1	-7.72	-7.07	-6.92	-6.84	-7.45	-7.02	-7.25	-7.09	-6.83	-7.04	-7	-6.99	-7.23	-7.22	-7.19	-7.11	-7.3	-7.32	-7.37	-7.47	-7.16	-7.4	-7.42	-7.25	-7.23	-7.29	-7.44	-7.29	-7.37	-7.03	-6.97	-7.23	-6.54	-7.16	-6.77	-7.13	-7.17	-7.3	-7.25	-7.17	-6.93	-6.89	-7.06	-7.2	-7.03	-7.33
RNA: Agilent mRNA/log2	AT_W_5	AT_W_5	-5.25	-4.58	-5.84	-4.49	-4.69	-5.12	-5.61	-5.96	-6.88	-4.36	-4.74	-6.77	-4.46	-4.5	-6.92	-6.67	-5.34	-5.35	-4.28	-6.85	-6.22	-5.7	-4.83	-6.46	-6.45	-5.17	-6.24	-5.85	-5.35	-6.68	-6.74	-5.07	-5.36	-6.61	-6.5	-7.01	-7.42	-6.45	-7.03	-5.97	-5.94	-6.79	-5.19	-4.97	-4.6	-5.03	-6.54	-4.97	-6.77	-5.33	-4.13	-5.1	-5.1	-5	-4.49	-4.96	-4.4	-4.9	-5.12	-4.68
RNA: Agilent mRNA/log2	AT_W_M	AT_W_M	-6.15	-5.6	-6.97	-6.86	-6.04	-6.35	-6.42	-7.05	-7.43	-6.44	-6.23	-5.87	-6.32	-6.1	-7.2	-6.99	-6.82	-6.98	-7.02	-7.03	-6.74	-6.43	-6.33	-7.02	-7	-5.97	-6.76	-6.59	-6.47	-7.11	-7.09	-5.11	-6.77	-7.47	-7.16	-7.4	-7.11	-7.24	-6.14	-7.26	-6.79	-6.78	-6.82	-6.25	-5.67	-6.21	-6.46	-6.27	-6.77	-6.45	-5.25	-6.3	-6.38	-5.75	-4.83	-5.91	-5.77	-5.92	-6.06	-6.09
RNA: Agilent mRNA/log2	A_23_P100001	A_23_P100001	1.5	-4.3	-4.57	-4.58	2.16	-1.11	0.98	-4.71	-0.55	-4.05	-0.49	2.34	-0.93	-5.51	0.79	-0.35	-0.51	1.68	-1.93	-1.33	-4.4	-0.7	3.08	-3.65	-5.06	2.1	-0.9	-0.34	-0.01	2.39	2.08	0.26	0.12	0.01	-0.23	-3.54	-1.43	-3.93	1.85	-0.84	2.66	-1.17	-1.27	-1.33	0.27	0.17	-2.55	-3.82	0.75	-2.07	-3.54	-2.87	-0.99	-0.58	-3.81	2.98	-3.86	-4.17	-5.53	-1.42
RNA: Agilent mRNA/log2	AP3S2	A_23_P100011	-2.64	-3.84	-3.88	-3.55	-2.65	-3.62	-3.07	-3.89	-2.64	-3.66	-2.94	-2.8	-3.22	-3.67	-3	-2.86	-2.36	-3.36	-3.32	-5.02	-2.88	-2.58	-3.36	-4.28	-4.07	-3.01	-2.36	-2.63	-1.87	-3	-2.73	-3.12	-2.34	-2.04	-2.18	-2.08	-2.26	-3.3	-2.98	-2.47	-2.69	-2.23	-4.08	-3.93	-4.27	-3.79	-3.55	-3.45	-3.02	-3.41	-3.13	-2.86	-3.28	-2.51	-3.45	-3.5	-3.05	-2.89	-2.61	-2.36
RNA: Agilent mRNA/log2	SV2B	A_23_P100022	-4.59	-4.09	-4.7	-4.12	-4.42	-4.64	-4.78	-5.07	-5.32	-3.92	-4.05	-5.95	-4.24	-4.03	-5.76	-5.7	-4.96	-2.23	-2.12	2.77	-3.63	-4.12	-1.94	-5.35	-5.23	-4.62	-4.87	-3.13	-4.47	-3.44	-3.23	-4.27	-4.22	-5.02	-5.51	-5.66	-6.08	-5.58	-5.46	-4.36	-4.97	-5.24	-4.53	-4.19	-3.91	-4.11	-5.03	-4.41	-6.15	-4.22	-3.61	-4.78	-4.17	-4.02	-3.51	-4.04	-3.63	-4.15	-4.08	-3.91
RNA: Agilent mRNA/log2	RBPMS2	A_23_P100056	-2.42	-2.75	-2.28	-2.65	-2.1	-4.99	-4.61	-0.75	-2.56	-3.75	-2.97	-6.77	-7.36	-1.77	-3.53	-7.07	-6.92	-6.98	-7.45	-7.03	-2.68	-7.24	-6.93	-7.04	-7	0.39	-2.46	-6.36	-3.63	-0.6	-2.09	-4.74	-4.97	-3.84	-2	-1.57	-1.61	-4.08	-2.98	-2.26	-5.48	-2.11	0.1	-1.5	-1.76	-2.28	-4.35	-2.66	-1.55	-4	-6.47	-1.78	-5.94	-4.23	-4.6	-3.72	-5.51	-1.05	-7.03	-7.36
RNA: Agilent mRNA/log2	AVEN	A_23_P100074	1.61	2.24	3.44	2.53	1.19	2.46	1.76	2.75	1.44	1.96	2.7	3.05	1.99	1.19	1.89	2.48	1.46	2.01	1.22	2.19	1.25	2.26	2.16	2.84	1.52	2.09	1.67	1.47	1.19	0.45	2.2	0.97	1.87	1.91	2.24	2.35	2.49	2.36	2.23	1.9	1.37	2.11	0.77	1.25	2.02	2.33	1.88	2.43	1.74	1.81	1.63	1.91	2.35	2.15	2.28	2.47	2.48	2.06	2.3	1.8
RNA: Agilent mRNA/log2	A_23_P100092	A_23_P100092	-2.24	-1.68	-1.89	-2.76	-1.57	-1.92	-2.53	-1.56	-1.39	-2.15	-0.04	-1.92	-0.99	-2.35	-1.13	-0.91	-1.21	-2.26	-1.1	-1.74	-1.14	-1.62	-1.73	-0.96	-1.3	-1.84	-1.82	-1.51	-0.88	-2.86	-0.76	-1.43	-1.63	-1.55	-1.77	-0.66	-2.64	-2.87	-2.2	-1.34	-0.3	-1.56	-1.93	-0.31	-1.93	-1.64	-1.48	-2.56	-0.93	-2.19	-1.66	-1.04	-1.28	-1.12	-1.88	-1.57	-1.78	-1.74	-2.28	-3.01
RNA: Agilent mRNA/log2	VPS39	A_23_P100103	-2.7	-3.24	-1.98	-3.11	-1.48	-2.39	-2.25	-1.99	-1.91	-2.16	-1.72	-2.07	-2.08	-2.62	-1.96	-2.05	-3.65	-2.33	-1.47	-2.79	-2.23	-1.86	-2.26	-2.06	-2.02	-1.65	-2.4	-2.09	-1.57	-2.04	-1.45	-1.68	-2.33	-2.31	-2.73	-1.36	-2.54	-2.18	-1.98	-1.77	-1.39	-1.99	-2.43	-2.7	-2.29	-1.76	-2.53	-2.75	-2.89	-1.97	-1.74	-3.64	-2.28	-2.13	-2.42	-2.1	-2.1	-2.56	-2.89	-2.84
RNA: Agilent mRNA/log2	CHP	A_23_P100111	-3.67	-3.56	-3.37	-3.63	-2.65	-3.79	-3.63	-3.2	-3.25	-3.55	-2.68	-2.38	-1.3	-3.04	-3.11	-3.33	-2.41	-3.8	-3.75	-2.73	-3.28	-3.72	-3.8	-4.12	-3.02	-3.41	-2.93	-3.26	-2.63	-3.35	-2.68	-3.26	-3.24	-3.06	-2.86	-1.47	-3.88	-3.39	-3.79	-2.85	-2.75	-2.64	-3.8	-3.2	-3.32	-3.19	-3.47	-3.61	-3.6	-3.66	-3.03	-2.88	-3.58	-3.41	-3.77	-3.24	-3.74	-3.56	-3.39	-4.54
RNA: Agilent mRNA/log2	CASC5	A_23_P100127	-0.11	0.63	0.49	0.18	-0.55	-0.21	-0.52	0.28	0.32	-0.17	-0.36	-1.18	-1.19	-0.21	-0.02	-0.36	-0.5	-0.29	0.83	0.03	-0.26	0.25	-1.87	-0.06	-1.06	-0.99	-0.42	-0.57	-0.84	-1.04	-0.34	-1.3	-0.59	-0.39	-0.48	0.26	-0.53	-0.25	-0.92	0.15	0.05	0.1	-0.08	-0.2	-0.39	-0.74	-0.33	-0.16	0.3	-0.6	-0.56	-0.26	-0.48	-1.47	-1.17	-1.25	-0.5	-1.27	-0.52	-2.44
RNA: Agilent mRNA/log2	A_23_P100133	A_23_P100133	-0.97	-3.82	-1.96	-2.59	-1.65	-2.42	-1.63	-2.37	-2.23	-2.46	-2.18	-3.89	-2.65	-1.31	-2.99	-3.17	-3	-0.84	-1.94	-2.28	-3.61	-2.09	-3.41	-3.78	-3.5	-2.53	-2.85	-3.4	-3.29	-4	-3.44	-3.38	-3.16	-3.27	-2.44	-1.24	-4.41	-4.47	-2.74	-1.73	-1.63	-3.45	-3.77	-2.51	-2.95	-3.38	-3.1	-4.96	-1.62	-5.33	-2.38	-1.85	-3.19	-2.73	-2.79	-2.88	-2.87	-5.43	-3.39	-4.07
RNA: Agilent mRNA/log2	A_23_P100141	A_23_P100141	0.4	-0.37	-1.1	-1.02	-0.81	-0.85	0.01	-0.48	-0.58	-1.82	-0.65	-1.63	0.52	-3.33	-1.78	-0.18	-4.36	-0.89	-1.7	-0.69	-0.64	-2.62	-1.66	-0.74	-0.52	-2.72	-0.42	-2.48	-2.6	-1.16	-3.56	-1.33	-1.06	-0.97	0.71	0.29	-0.45	-0.15	0.08	0.27	0.34	1.94	-0.36	-1.06	-0.84	-1.24	-0.05	-0.2	-1.11	-0.72	0.11	0.07	-0.25	-0.24	0.6	0.01	-1.65	0.06	-0.23	0.35
RNA: Agilent mRNA/log2	TMEM127	A_23_P100156	-0.99	-1.56	-1.22	-2.02	-1.84	-1.36	-1	-1.2	-1.35	-1.35	-1.34	-1.88	-2	-2.14	-2.02	-1.99	-2.11	-2.25	-2.21	-2	-2.07	-2.21	-1.66	-1.43	-0.64	-0.97	-1.98	-1.74	-1.54	-1.55	-1.5	-1.62	-0.99	-1.14	-1.19	-0.55	-1.88	-0.88	-0.98	-0.59	-1.22	-1.69	-1.36	-1.86	-1.39	-1.87	-1.51	-1.45	-1.6	-1.72	-1.26	-2.53	-1.34	-1.02	-1.05	-1.17	-0.77	-1.59	-1.11	-1.32
RNA: Agilent mRNA/log2	MMP15	A_23_P100177	-2.89	-6.13	-4.57	-4.59	-4.43	-4.71	-4.6	-6.54	-4.75	-1.85	-3.29	-2.41	-1.65	-2.23	-2.2	-2.44	-2.93	-3.17	-5.41	-3.8	-2.96	-6.67	-3.89	-6.9	-6.53	-2.46	-2.82	-1.37	-3.94	-4.83	-3.98	-1.83	-4.87	-4.43	-3.25	-1.61	-5.41	-6.49	-3.91	-3.98	-2.93	-3.34	-3.44	-1.57	-2.38	-3.36	-4.47	-3.25	-4.32	-4.35	-5.53	-3.63	-4.84	-2.7	-3.72	-4.37	-4.15	-5.56	-2.55	-2.5
RNA: Agilent mRNA/log2	PRM1	A_23_P100189	-5.16	-4.28	-5.25	-5.39	-4.97	-4.57	-5.12	-5.32	-5.41	-5.14	-5.21	-4.1	-4.85	-4.94	-5.25	-5.2	-5.12	-4.72	-5.06	-4.77	-4.77	-5.21	-4.14	-5.25	-4.91	-5.34	-4.26	-4.84	-4.81	-4.58	-5.75	-5.09	-4.73	-5.47	-5.02	-6.55	-4.75	-5.38	-4.38	-5.52	-4.9	-5.88	-4.91	-4.31	-4.64	-4.34	-4.76	-4.42	-4.19	-4.05	-3.87	-4.57	-4.48	-4.43	-4.26	-4.28	-4.23	-4.45	-4.71	-4.33
RNA: Agilent mRNA/log2	USP10	A_23_P100196	2.21	1.26	1.73	1.65	1.97	1.46	1.94	1.25	1.51	0.69	1.11	1.15	1.69	1.97	2.09	1.5	1.54	1.36	1.65	2.19	2.24	1.64	0.59	1.79	1.36	0.56	0.6	1.09	0.97	1.1	1.35	1.31	0.65	0.74	1.73	1.36	2.22	0.9	1.03	2.56	1.74	1.65	1.15	1.48	1.59	0.46	0.6	1.45	0.9	1.57	0.89	1.2	1.49	1.06	1.45	1.61	0.9	-0.42	1.23	1.91
RNA: Agilent mRNA/log2	HSBP1	A_23_P100203	1.91	0.88	2.13	2.09	2.29	2.35	1.9	1.51	1.55	1.94	1.56	1.78	1.17	2.37	1.43	1.15	2.4	1.38	1.26	2.26	1.1	0.64	-0.33	0.74	1.99	2.31	1.86	1.54	1.1	-0.09	1.36	0.28	1.75	1.24	1.66	1.55	1.73	1.47	0.46	1.9	0.74	1.04	1.43	2.04	0.81	1.12	0.68	0.3	1.08	0.22	1.3	1.52	1.22	1.51	1.7	1.67	2.65	-1.16	1.18	1.96
RNA: Agilent mRNA/log2	RBM35B	A_23_P100220	3.8	-0.82	-3.31	-3.34	4.38	-2.63	-2.86	-3.3	-2.74	-3.22	-3.21	2.02	2.32	2.3	3.71	2.82	1.85	2.5	-2.95	-2.97	-2.87	-2.8	-1.91	-2.74	-2.75	-2.97	-2.24	-2.6	-3.03	-3.31	-2.9	-3.29	-3.22	-3.27	-3.15	-3.55	-1.02	-1.6	0.03	-0.32	3.97	-3.65	-3.1	2.39	3.06	2.57	0.46	0.13	2.32	-0.92	2.1	1.96	-1.38	-2.41	-2.07	-2.21	0.34	-2.35	2.6	-2.43
RNA: Agilent mRNA/log2	CDH16	A_23_P100240	-5.77	-5.09	-5.73	-5.88	-5.23	-5.43	-4.3	-5.61	-6.83	-5.02	-5.33	-2.05	-4.21	-5.23	-5.84	-5.9	-6.92	-3.07	-6.8	-6.59	-5.91	-6.01	-4.75	-6.44	-5.9	-5.46	-6.42	-5.97	-4.4	-6.83	-7.3	-5.01	-5.33	-6.75	-4.57	-5.21	-6.34	-6.32	-6.2	-5.51	-4.14	-6.53	-6.02	-0.4	-3.69	-1.83	-6.08	-5.38	4.33	-5.43	-4.73	-5.53	-1.68	0.44	0.73	0.28	-0.92	-4.78	4.02	-2.66
RNA: Agilent mRNA/log2	NELL2	A_23_P10025	-3.04	-7.51	-7.3	-7.37	-6.02	-5.91	-7.63	-7.22	-4.4	-5.62	-4.62	-6.77	-2.35	-4.97	-7.44	-7.07	-6.92	-5.73	-7.36	-6.93	-7.04	-6.33	-3.57	-6.85	-0.9	-6.64	-6.61	-2.03	-5.41	-7.11	-7.28	-4.88	-7.16	-7.47	-7.16	-7.4	-5.57	-7.04	-7.23	-6.92	-4.45	-7.29	4.37	2.11	-1.04	0.16	-1.56	-5.15	-6.77	-4.78	-0.63	-3.59	-6.59	-6.16	-6.29	-6.26	-6.17	-5.43	-2.33	-7.03
RNA: Agilent mRNA/log2	CMIP	A_23_P100263	4.6	4.08	5.04	3.69	3.29	4.31	4.78	4.67	4.36	4.79	4.6	6.1	4.7	5.2	3.04	3.99	4.53	4.39	2.96	3.22	4.56	4.07	5.77	5.15	5.7	5.24	5.04	4.58	5	4.79	4.03	4.62	4.54	4.5	4.06	3.54	4.57	3.46	4.86	3.21	3.52	3.28	3.92	4.55	5.09	4.89	6.31	4.45	5.5	4.25	5.05	4.35	4.66	5.31	4.91	5.34	4.9	4.39	4.42	4.96
RNA: Agilent mRNA/log2	GRIN2A	A_23_P100278	-7.3	-7.51	-7.3	-5.08	-7.74	-6.11	-6.48	-7.07	-7.43	-7.55	-7.56	-6.4	-6.22	-7.11	-7.72	-7.07	-6.92	-6.98	-7.45	-7.03	-7.07	-7.24	-6.66	-7.04	-7	-7.01	-5.94	-7.22	-7.27	-6.75	-7.3	-7.32	-7.42	-7.47	-6.85	-7.4	-7.31	-6.54	-6.2	-6.53	-7.09	-7.29	-7.37	-7.03	-7.02	-7.23	-6.54	-7.17	-6.77	-7.18	-7.08	-6.47	-5.02	-6.85	-7.07	-6.98	-5.16	-4.15	-7.03	-6.62
RNA: Agilent mRNA/log2	ZNF598	A_23_P100292	4.17	3.88	4.27	4.62	3.49	3.91	4.73	4.25	3.89	3.86	4.53	4.05	4.38	4.08	4.7	4.32	4.52	4.14	4.75	5.12	5.02	4.54	5.34	5.09	4.56	5.15	4.24	4.57	3.73	3.5	3.84	4.2	4.83	4.81	4.4	3.67	4.03	4.15	3.54	3.82	4.09	4.38	4.14	4.57	5.37	3.76	4.45	4.28	4.23	4.5	4.59	3.9	4.6	4.05	4.19	4.51	3.93	4.35	4.24	3.7
RNA: Agilent mRNA/log2	DECR2	A_23_P100315	2.86	0.9	1.5	1.54	2.57	1.89	2.34	1.56	0.41	1.92	1.36	2.4	3.45	1.36	2.43	2.27	3	1.46	1.29	2.83	1.76	1.34	1.68	2.84	1.3	1.4	1.69	1.32	2.61	2.05	1.96	2.16	1.08	1.2	2.6	2.92	1.18	2.29	1	3.04	2.56	2.96	3.17	2.26	0.16	1.26	2.87	2.19	1.5	2.91	2.24	1.21	1.43	2.72	2.99	1.8	1.3	2.61	1.88	3.29
RNA: Agilent mRNA/log2	C16orf35	A_23_P100326	2.98	2.63	1.99	2.21	1.75	2.94	3.32	2.22	2.43	2.23	2.89	2.62	3.63	2.65	3.61	2.92	3.42	3.79	3.26	2.84	3.5	2.89	3.14	2.7	3.56	2.06	2.98	3.35	3.2	1.88	3.27	3.33	3.03	3.22	3.11	2.57	3.16	2.36	1.95	2.8	3.68	3.37	2.42	3.61	2.39	2.58	2.76	3.31	4.32	3.91	3.33	2.83	3.41	2.07	3.73	3.63	2.46	4.01	3.51	3.65
RNA: Agilent mRNA/log2	ORC6L	A_23_P100341	4.29	4.41	4.3	4.1	3.47	4.32	4.33	4.22	4.99	4.06	4.28	4.09	4.34	4.49	3.98	4.39	3.36	4.68	4.45	4.42	4.68	5.06	4.72	4.61	3.75	4.13	4.89	4.59	4.43	4.3	4.5	4.22	4.27	4.46	4.25	3.56	4.86	4.05	4.58	3.61	3.86	4.11	4.41	4.67	4.4	5.1	5.36	5.08	5.03	4.76	4.79	4.95	4.67	4.64	4.86	4.57	5.07	4.66	4.5	4.67
RNA: Agilent mRNA/log2	ORC6L	A_23_P100344	0.2	0.67	0.39	0.74	-0.26	1.3	1.85	-0.39	2.46	0.76	1.1	0.35	1.32	1.1	1.21	1.34	1.09	1.7	1.39	1.66	1.57	1.94	1.16	0.84	0.55	0.22	0.94	0.99	0.82	1.13	1.45	0.79	0.72	1.01	0.88	0.2	1.81	0.87	-0.19	0.84	0.87	1.35	1.49	0.77	0.49	1.78	0.45	1.75	1.42	1.36	1.54	1.24	1.35	1.05	0.91	0.84	0.47	1.54	0.69	1.04
RNA: Agilent mRNA/log2	PPP4C	A_23_P100355	2.81	1.81	1.41	1.78	2.47	1.76	2.39	2.12	1.62	1.55	1.82	2.39	2.2	2.13	2.62	2.46	2.7	2.1	2.57	2.34	2.25	2.17	2.19	2.2	2.11	1.19	1.38	2.07	1.65	1.31	1.27	1.52	2.25	2.09	2.08	2.08	1.76	2.04	1.69	2.17	2.29	2.15	1.85	1.95	2.04	2.16	1.74	1.59	2.28	1.86	1.76	2.36	2.17	2.13	2.29	1.92	1.18	2.37	2.06	2.8
RNA: Agilent mRNA/log2	A_23_P100386	A_23_P100386	-7.18	-5.77	-5.25	-4.49	-7.19	-6.89	-6.22	-4.83	-6.76	-2.99	-5.91	-6.39	-7.03	-6.2	-7.06	-6.56	-6.79	-6.98	-7.09	-7.01	-6.86	-6.69	-6.59	-6.53	-6.71	-6.74	-7.23	-7.09	-7.18	-6.64	-6.89	-6.82	-7.14	-7.09	-6.71	-7.29	-5.12	-4.99	-5.01	-5.79	-6.06	-7.29	-6.25	-5.99	-7.13	-6.29	-6.54	-6	-6.77	-5.05	-6.85	-6.15	-6.29	-6.24	-6.04	-5.64	-3.9	-4.51	-6.82	-7.06
RNA: Agilent mRNA/log2	TCEB2	A_23_P100392	0.64	1.73	0.3	1.63	1.22	1.08	1.72	0.58	0.83	0.75	2.21	1.21	-0.73	1.23	0.3	1.46	1.41	1.33	0.82	0.43	0.81	0.46	1.34	0.25	0.92	1.78	0.5	0.68	-1.13	-1.89	-1.69	-0.54	1.27	0.85	1.17	0.81	0.55	1.79	-0.11	1.94	0.17	1.34	1.66	0	1.08	-0.62	1.08	1.43	1.96	0.82	0.65	1.66	1.19	1.4	0.03	0.72	0.83	0.32	0.2	1.21
RNA: Agilent mRNA/log2	NTN2L	A_23_P100408	-3.67	-3.29	-3.27	-3.38	-3.64	-3.24	-3.48	-3.43	-3.74	-3.12	-3.63	-2.91	-3.24	-3.06	-3.58	-3.6	-3.22	-3.3	-3.71	-3.42	-3.34	-3.14	-2.7	-3	-2.84	-2.91	-2.93	-3.42	-3.22	-3.06	-3.4	-2.79	-2.86	-3.64	-3.52	-4.07	-3.27	-3.76	-2.96	-3.96	-3.48	-4.17	-3.75	-2.82	-2.69	-2.93	-2.37	-2.7	-2.74	-2.32	-2.24	-2.9	-2.95	-4.96	-2.35	-2.53	-2.36	-2.89	-3.02	-2.57
RNA: Agilent mRNA/log2	EXOSC6	A_23_P100413	-1.55	-1.17	-1.33	-0.92	-1.58	-0.9	-1.35	-1.42	-1.24	-1.47	-1.23	-0.96	-1.32	-1.21	-1.48	-1.63	-1.2	-0.73	-1.33	-1.06	-1.11	-1.46	-0.48	-0.09	1.73	-1.64	0.9	-1.07	-1.06	-0.83	-1.37	-0.93	1.16	1.37	-1.27	-1.47	-0.82	-1.47	-0.59	-1.47	-0.98	-1.44	-1.21	-0.73	-0.84	-0.97	-0.03	-0.67	-0.56	-0.62	-0.72	-0.49	-1.05	-1.41	-0.76	-1.2	-1.27	-0.42	-1.13	-0.85
RNA: Agilent mRNA/log2	ZCCHC14	A_23_P100420	2.56	1	2.32	1.92	1.48	1.52	1.83	2.74	1.45	1.43	1.6	1.33	2.15	2.24	2.63	1.64	1.9	1.9	-7.45	0.23	1.03	-2.35	-0.12	-0.44	0.96	1.65	3	1.48	1.31	1.31	2.02	1.38	1.46	1.69	1.38	2.22	1.77	1.71	-0.3	2.09	1.77	0.7	1.85	0.93	1.26	1.3	1.75	1.22	2.32	0.47	1.36	1.27	1.81	1.53	1.91	1.86	1.47	-0.19	1.7	1.6
RNA: Agilent mRNA/log2	NIP30	A_23_P100441	0.2	0.18	-0.03	0.92	0.27	-0.07	1.06	0.13	1.43	0.37	0.58	0.67	0.31	0.14	0.29	0.73	0.27	1.08	0.87	1.18	1.32	0.78	1.32	0.53	0.93	-0.31	0.4	0.74	-0.82	-0.44	-0.07	0.33	0.11	0.17	0.93	0.66	1.22	-0.06	-0.35	0.93	0.69	1.39	0.3	-0.53	-0.51	0.11	-0.04	0.71	1.34	0.52	0.79	0.81	1	1.2	1.24	0.32	0.25	1.51	0.73	1.43
RNA: Agilent mRNA/log2	MTHFSD	A_23_P100455	-0.15	-1.55	-1.26	-1.51	-0.45	-2.04	-1.34	-2.64	-2.86	-1.48	-1.88	-1.68	-1.49	-1.42	-0.65	-1.3	-1.26	-1.88	-1.65	-1.55	-1.37	-1.33	-3.69	-1.93	-1.63	-1.78	-1.73	-2.78	-2.27	-2.14	-1.69	-2.24	-2.65	-2.31	-1.82	-1.32	-0.6	-2.06	-2.72	-1.47	-0.82	-2.48	-1.5	-1.71	-2.08	-2.13	-2.25	-1.7	-1.66	-2.09	-0.92	-1.24	-0.76	-1.93	-0.83	-1	-0.95	-2.82	-1.38	-0.74
RNA: Agilent mRNA/log2	TXNL4B	A_23_P100469	-0.44	-1.98	-2.13	-1.39	-1.49	-1.91	-0.66	-2.03	-0.94	-1.32	-0.94	-1.82	-0.86	-1.47	-1.54	-1.84	-1.68	-0.05	-1.25	-0.78	-0.43	-1.1	-0.53	-0.68	-1.13	-2.48	-1.69	-0.9	-1.73	-1.81	-1.43	-1.03	-0.86	-0.8	-1.24	-2.07	-1.46	-1.98	-2.72	-1.52	-1.85	-1.59	-1.64	-1.17	-1.24	-2.04	-2.71	-1.22	-1.94	-1.55	-1.47	-1.42	-1.15	-0.85	-1.54	-1.27	-2.21	-0.44	-1.51	-1.01
RNA: Agilent mRNA/log2	MYST1	A_23_P100478	-0.02	-0.9	-1.67	-1.19	-0.1	-1.23	-0.03	-1.66	-1.11	-0.77	-0.43	-0.04	-0.16	0.2	0.64	-0.73	0.68	0.18	0.72	0.82	0.95	0.53	0.56	-0.02	-1.34	-0.8	-0.43	-0.89	-1.02	-1.14	-2.04	-1.98	-0.04	-0.16	0.25	-0.66	-1.08	-1.17	-1.14	0.11	1.2	0.65	-0.59	-1.23	-0.94	-0.8	0	-0.17	-0.22	0.07	-0.43	-0.64	-0.45	-0.32	-0.01	-0.32	-1.13	0.64	0.04	-0.33
RNA: Agilent mRNA/log2	VKORC1	A_23_P100486	3.52	2.83	3.81	4.5	3.47	3.62	3.87	4.11	3.24	3.94	3.72	2.57	2.24	3.43	2.85	2.61	3.45	2.7	2.74	3.83	3.14	2.64	4.72	3.66	3.28	3.96	4.09	3.99	4.29	3.94	3.46	4.04	4.83	4.59	3.5	4.19	2.3	4.13	2.36	4.52	2.98	4.18	3.2	4.25	1.35	3.5	4.03	3.32	3.56	3.52	4.21	4.01	3.71	3.9	3.5	4.1	3.77	3.76	2.87	3.75
RNA: Agilent mRNA/log2	ROGDI	A_23_P100499	-1.04	-2.57	-2.17	-2.51	-0.25	-2.65	-2.11	-3.28	-2.47	-1.95	-1.76	-2.55	-1.73	-1.86	-1.98	-1.52	-3.41	-1.92	-2.9	-2.3	-1.67	-2.55	-1.66	-2.76	-2.7	-1.96	-2.15	-2.97	-2.66	-3.56	-2.63	-2.19	-1.8	-1.82	-1.77	-1.59	-3.38	-2.68	-3.1	-1.9	-1.1	-1.87	-1.4	-2.13	-1.61	-1.82	-2.29	-2.25	-1.68	-1.82	-1.67	-1.74	-2.23	-2.47	-2.03	-1.93	-2.33	-1.36	-2.48	-2.14
RNA: Agilent mRNA/log2	HMOX2	A_23_P100501	2.54	2.81	2.08	2.96	2.93	2.55	2.86	2.25	1.89	2.21	3.15	3.62	3.56	2.58	3.09	3.11	3.26	2.64	2.8	3.26	2.89	1.86	3.27	2.81	3.55	3.25	2.97	2.44	3.02	2.67	3.04	3.21	3.44	3.34	2.46	2.12	2.11	3.22	2.46	2.28	3.32	2.58	3.07	3.26	3.61	2.64	2.5	3.76	3.16	3.73	2.93	3.14	3.28	4.16	3.48	3.94	2.45	4.14	3.29	4.23
RNA: Agilent mRNA/log2	A_23_P100517	A_23_P100517	0.53	-0.37	-1.31	-0.86	-0.77	-0.52	-0.21	-1.1	-0.91	-1.15	-0.23	-0.81	0.38	-0.11	0.34	-0.47	-0.32	0.13	-0.14	0.07	-0.35	0.05	0.38	-0.1	-0.9	-0.88	-0.58	0.07	-0.47	-0.9	-0.42	-0.34	-0.4	-0.76	-0.5	-0.44	0.3	-1.16	-1.39	0.27	0.56	-0.73	-0.07	0.22	-1.06	-0.57	-0.56	-1.66	0.35	-1.64	-0.27	-0.32	0.21	-0.52	-0.27	0.33	-1.11	0.52	-0.35	-0.76
RNA: Agilent mRNA/log2	A_23_P100522	A_23_P100522	4.11	4.16	3.89	3.63	3.65	3.54	3.46	3.93	4.37	3.53	3.64	3.43	3.61	4.08	3.28	3.77	3.01	4.03	3.63	3.43	3.89	4.29	3.93	3.93	2.76	3.37	4.21	3.81	3.54	3.37	3.67	3.33	3.69	3.7	3.49	3.03	4.15	3.47	4.42	2.97	3.79	3.2	3.78	4.18	3.88	4.77	4.75	4.08	4.29	3.65	3.85	4.2	3.52	4.01	3.91	3.57	4.13	3.39	3.81	3.64
RNA: Agilent mRNA/log2	A_23_P100539	A_23_P100539	-4.53	-4.57	-6.01	-5.76	0.27	-5.24	-5.48	-4.54	-5.84	-3.79	-5.65	-1.74	-5.14	-3.58	-1.25	-4.84	-4.67	-4.5	-5.12	-5.01	-5.76	-4.86	-4.9	-5.04	-5.15	-3.82	-5.64	-5.6	-5.16	-5.41	-5.15	-5.89	-5.33	-5.75	-3.24	-3.91	-4.63	-3.1	-4.74	-4.22	-2.57	-4.73	-5.41	-3.66	-3.81	-3.53	-4.4	-3.66	-4.38	-2.83	-4.57	-3.84	-4.1	-4.48	-1.35	-2.4	-3.59	-3.68	-2.93	-2.48
RNA: Agilent mRNA/log2	EXOC7	A_23_P100556	-0.97	0.18	0.05	-0.29	0.22	1.44	-0.35	-0.15	0.08	-0.3	-0.94	-0.6	-1.03	-0.69	-0.24	0.04	-1.29	-0.48	-0.28	0.31	-1.21	-0.01	-0.92	-0.87	0.84	-0.67	-0.82	-1.5	-0.5	1.15	0.76	-0.91	-0.17	0.04	-0.36	-0.48	0.29	0.92	0.43	-0.62	-0.13	-0.39	0.79	-0.11	-0.68	-0.45	-1.08	-0.1	0.33	0.09	1.17	-1.12	-0.71	-1.03	0.27	1.33	-0.7	0.76	-0.24	-0.1
RNA: Agilent mRNA/log2	PSMB3	A_23_P100576	3.03	3.69	3.06	3.33	3.95	4.04	4.76	3.29	4.09	2.89	4.12	4.68	3.75	4.21	4.07	4.87	4.3	3.4	4.27	4.62	4.49	4.19	4.46	4.6	4.31	3.49	3.73	3.82	3.59	3.61	3.74	3.96	3.2	3.32	4.14	4.2	4.16	3.86	3.85	4.31	3.43	4.26	4.39	3.75	3.37	3.73	3.96	3.7	4.11	3.73	3.44	4.09	4.38	4.12	4.19	4.02	3.44	4.41	4.28	3.81
RNA: Agilent mRNA/log2	LPO	A_23_P100583	-4.76	-4.26	-5.1	-4.54	-4.3	-4.52	-4.59	-4.51	-5.27	-4.07	-4.47	-4.76	-4.27	-4.3	-5.39	-5.25	-5.54	-5.64	-5.4	-4.46	-5.02	-4.53	-3.98	-4.51	-5.6	-4.85	-4.75	-4.76	-4.61	-4.39	-5.44	-4.29	-4.55	-5.35	-5.48	-6.36	-5.17	-5.02	-5.35	-5.43	-5.84	-6.02	-5.1	-4.71	-4.16	-4.31	-5.46	-4.23	-5.75	-4.08	-3.47	-4.69	-4.45	-3.88	-3.87	-4.26	-3.91	-3.75	-4.67	-3.76
RNA: Agilent mRNA/log2	A_23_P100595	A_23_P100595	-5.61	-5.76	-5.72	-6.16	-5.44	-5.52	-6.06	-6.55	-6.41	-5.87	-5.56	-6.77	-5.56	-5.73	-6.67	-6.33	-6.92	-6.42	-7.45	-6.57	-6.25	-6.64	-6.17	-6.9	-6.87	-6.51	-5.77	-6.65	-6.92	-6.79	-6.37	-6.06	-6.68	-6.34	-6.44	-7.05	-7.35	-6.29	-5.92	-6.46	-5.98	-6.49	-6.66	-5.63	-6.03	-6.34	-6.24	-5.99	-6.77	-6.63	-6.16	-6.11	-5.88	-5.49	-4.34	-5.84	-5.38	-4.23	-5.46	-5.39
RNA: Agilent mRNA/log2	A_23_P10060	A_23_P10060	-4.34	-4.08	-4.14	-4.03	-4.52	-4.42	-4.51	-4.16	-5.42	-3.89	-4.23	-5.27	-4.28	-4.32	-5.28	-5.39	-5.24	-5.12	-5.5	-3.38	-5.22	-4.41	-3.79	-2.02	-4.7	-3.91	-4.33	-4.79	-4.65	-5	-4.88	-4.06	-4.59	-4.94	-5.26	-4.92	-5.21	-4.78	-5.11	-4.83	-5.05	-5.34	-4.83	-4.12	-3.83	-4.6	-5.07	-3.9	-5.21	-3.93	-3.12	-4.5	-4.09	-3.71	-3.77	-3.97	-3.81	-4.01	-4.35	-4.12
RNA: Agilent mRNA/log2	TBCD	A_23_P100602	1.17	0.71	0.14	0.36	0.73	1.68	1.32	0.68	0.81	0.43	1.04	1.5	0.33	1.53	-0.09	0.82	0.36	0.46	2	0.46	0.63	3.03	0.4	0.65	0.45	1.38	0.65	1.15	1.15	0.01	0.75	0.16	0.27	0.11	1.21	0.28	1.05	1.33	0.43	0.66	-0.2	0.96	1.16	1.09	-0.79	0.88	1.42	-0.09	1.34	-0.67	0.64	0.74	0.68	0.53	1.05	2.02	0.18	1.21	1.03	0.5
RNA: Agilent mRNA/log2	MGAT4C	A_23_P10062	-7.45	-7.51	-7.3	-3.95	-7.74	-7.25	-6.48	-7.44	-7.43	-7.11	-7.56	-6.77	-7.28	-6.77	-7.72	-7.07	-6.92	-6.98	-7.45	-7.03	-7.28	-7.24	-5.75	-7.04	-2.55	-7.05	-7.23	-4.47	-7.3	-7.11	-7.3	-6.47	-3.3	-4.65	-7.16	-7.4	-6.93	-7.25	-7.23	-4.02	-7.44	-4.22	-7.37	-2.04	-7.13	-7.23	-6.54	-7.21	-6.77	-7.3	-5.88	-7.3	-7.04	-7.17	-7.13	-6.96	-7.1	-6.51	-7.03	-7.36
RNA: Agilent mRNA/log2	HN1	A_23_P100632	6.55	6.7	6.22	6.48	7.21	7.42	7.53	5.62	7.29	5.22	7.81	7.37	7.58	7.77	6.96	7.09	7.1	6.9	7.03	6	6.69	7.12	6.78	7.54	7.18	5.19	6.1	6.43	5.95	6.58	6.28	7.02	6.41	6.57	7.82	6.63	7.38	7.38	6.27	6.18	7.43	7.43	7.92	7.21	6.94	6.51	7.35	7.83	7.13	7.8	7.61	7.31	7.53	7.34	6.94	8.46	6.73	7.46	8.07	7.3
RNA: Agilent mRNA/log2	PNMT	A_23_P100642	-6.1	-4.41	-5.81	-5.79	-4.08	-6.35	-6.72	-6.24	-6.04	-4.16	-5.95	-3.12	-4.55	-5.41	-5.69	-2.65	-3.83	-2.42	-6.27	-6.67	1.14	-6.07	-5.27	-6.62	-6.22	-4.58	-6.25	-6.25	-5.66	-7.11	-7.3	-6.06	-5.01	-7.47	-6.78	-5.82	-4.28	-4.59	-5.84	-3.92	-5.16	-6.33	-3.69	-5.63	-4.58	-5.25	-6.46	-4.02	-1.32	-3.66	-4.05	-4.69	-5.92	-5.9	-5.3	-6.03	-6.39	-5.76	-6.72	-6.05
RNA: Agilent mRNA/log2	ZBTB4	A_23_P100654	1.29	1.49	1.68	1.47	1.3	1.25	1.49	1.73	1.64	0.95	1.36	-0.99	0.3	0.28	0.57	-0.32	-1.03	0.53	-0.26	-2.3	-0.95	-0.31	-1	-0.62	0.46	1.48	1.61	0.24	0.44	0.6	0.14	0.43	1.25	1.33	0.78	1.31	0.25	1.12	1.81	-0.04	1.51	0.31	0.63	1.19	0.92	1.57	0.31	0.6	0.43	0.76	0.6	1.31	0.99	1.66	1.57	1.04	1.21	1.08	0.67	0.95
RNA: Agilent mRNA/log2	SERPINF1	A_23_P100660	-3.48	-3.3	-3.48	-3.91	-1.49	-4.03	-4.01	-3.52	-4.42	-2.95	-3.3	-2.24	-3.06	-3.22	-4.06	-4.19	-4.52	2.88	-0.62	-3.96	1.47	-1.62	-3.22	-4.14	-3.89	2.05	-0.51	-3.89	-0.56	2.66	3.3	2.89	1.81	-0.64	-2.61	-5.45	-3.34	-3.99	-4.05	-3.46	-3.31	-4.75	-3.24	0.19	-3.82	-3.9	-1.69	-3.09	-4.16	-2.42	-3.52	-3.85	-3.97	-3.42	-3.1	-3.21	-2.09	-3.48	-3.78	-3.48
RNA: Agilent mRNA/log2	SMG6	A_23_P100676	-0.75	-0.06	0.3	-0.64	-1.33	0.23	-0.4	-1.11	-0.54	-0.55	-0.64	-1.34	-1.42	-0.71	-1.02	-1.34	-1	0.24	0.36	-1.67	-1.3	-0.56	-2.19	-0.47	1.5	-0.91	-0.2	-1.42	-1.09	-1.29	-1.03	-1.33	-0.52	-0.51	-0.32	-1.06	-0.98	-0.23	-0.26	-0.86	-1.55	-0.92	-1.05	-0.83	-1.55	-1.9	-1.12	-0.38	-1.28	-0.38	-0.46	-1.16	-0.46	-1.36	-0.31	-1.55	-1.07	-1.01	-1.32	-0.49
RNA: Agilent mRNA/log2	HELZ	A_23_P100693	0.11	-0.83	-0.42	-0.74	-0.03	-0.16	0.09	1.04	-0.04	-0.06	-0.33	-0.15	-1.22	-0.64	-0.07	0.37	-0.06	-0.01	0.88	0.65	0.32	1.03	0.3	0.32	0.07	0.27	1.04	0.62	0.58	0.54	0.3	0.88	0.61	0.52	-0.64	-0.89	-0.07	-0.33	0.01	-0.4	-0.5	0.01	-0.01	0.26	0.18	-0.72	-0.08	-0.12	-0.37	0.04	-0.14	-0.28	-0.06	-0.37	0.37	1.46	-0.73	-0.92	0.73	-0.02
RNA: Agilent mRNA/log2	MAPK7	A_23_P100704	-0.35	-0.18	1.16	1.44	-0.1	0.7	0.2	0.77	0.67	0.9	0.77	-0.58	-0.37	-0.4	0.06	-0.45	-0.25	-0.27	0.28	-0.64	-1.25	0.52	-1.28	-0.1	0.68	0.09	0.36	0.71	0.15	-0.3	-0.04	-0.43	-0.14	-0.38	0.28	0.25	0.13	-0.37	0.09	-0.02	0.14	0.27	-0.84	0.25	0.65	-0.53	-0.1	0.23	-0.54	0.32	-0.07	0.45	-0.05	0.8	0.27	0.03	0.42	1.99	-0.42	-0.25
RNA: Agilent mRNA/log2	PMP22	A_23_P100711	-0.66	2.65	3.64	4.84	-4.47	4.41	2.83	2.66	5.17	5.56	5.51	-5.7	0.25	2.6	1.47	-5.6	3.37	-1.68	-5.85	-4.56	1.89	-0.44	-4.05	-1.03	1.33	3.84	5.45	4.68	4.87	2.94	4.25	5.79	4.23	4.32	3.7	3.72	4.26	1.29	0.99	1.3	-3.41	3.14	1	-0.27	-0.87	-2.04	2.16	2.15	-0.17	1.82	3.17	1.3	3.76	3.27	0.42	1.02	3.55	2.64	0.55	-0.14
RNA: Agilent mRNA/log2	A_23_P100730	A_23_P100730	-5.83	-4.6	-5.91	-5.58	1.17	-5.23	-4.73	-5.9	-5.92	-4.47	-2.46	2.19	-4.52	1	-2.5	2.71	-2.75	3.23	2.13	-5.31	-6.04	-5.16	1.46	-5.94	-5.25	-3.72	-5.34	-2.91	-5.05	-5.64	-6.11	-4.7	-5.61	-6.87	-5.05	-2.56	-1.27	-6.36	-5.19	-4.02	-6.16	-6.45	-5.29	-3.48	-4.37	-2.16	-2.04	-2.44	-1.72	-4.01	-3.39	0.28	-5.07	0.75	-0.07	-3.41	-1.79	-4.13	-5.47	-0.08
RNA: Agilent mRNA/log2	SMURF2	A_23_P100754	-2.07	0.91	-1.85	-0.35	-2.32	0.16	-0.45	-2.59	-2.54	-2.99	-1.66	-2.38	-3.09	1.24	-1.08	-2.39	-1.17	-1.58	-3.5	-3.79	-2.75	-1.16	-3.37	-3.25	0.46	-3.54	-3.96	-2.08	-2.68	-2.05	-3.5	-2.3	-3.87	-3.84	-2.13	-2.28	0	-0.07	0.92	-2.16	-0.57	-2.94	-0.86	-1.01	0.7	-1.82	-1.52	1.19	-0.47	0.7	-1	-0.25	-2.2	-2.81	-0.38	-0.68	-3	-0.61	-0.45	-0.72
RNA: Agilent mRNA/log2	A_23_P100764	A_23_P100764	3.57	2.34	1.76	1.92	2.82	1.73	2.3	1.35	2.29	1.26	1.76	2.89	3.06	3.2	3.26	2.68	2.99	2.57	1.93	2.38	2.81	2.27	3.7	2.62	2.51	1.81	1.81	2.17	1.72	2.42	1.95	2.69	1.8	1.72	2.6	2.48	2.14	2.92	2.24	2.9	2.84	2.88	2.77	2.57	2.85	2.46	2.54	2.64	3.08	3.22	3.34	2.54	2.76	2.63	2.17	2.61	2.3	2.24	3.17	2.29
RNA: Agilent mRNA/log2	PNPLA2	A_23_P10077	-0.51	-0.18	-0.23	-1.26	-0.08	0.65	0.44	-0.71	-1.34	0.07	-0.73	-1.3	-0.82	-0.03	0.01	0.74	-0.27	0.26	-0.56	-0.69	-0.67	-1.14	-1.04	-1.04	-0.29	-1.44	-1.12	-0.09	-0.75	-1.51	-1.06	-0.84	-1.13	-1.14	-0.38	-0.49	0	-0.41	0.32	-0.16	-1.13	-0.28	0.09	-1.11	0.14	-0.24	-0.9	-0.66	-0.09	-0.23	-0.34	-0.84	-0.62	-0.1	-0.26	-0.72	-0.71	-0.46	-0.29	0.53
RNA: Agilent mRNA/log2	UBTF	A_23_P100779	0.23	-0.76	-0.07	-0.56	-0.8	-0.68	-0.46	-0.26	-0.56	-0.94	-1.16	-1.17	-0.88	-0.68	-0.49	-1.12	-1.27	-1.1	0.14	-0.03	-0.21	0.33	-0.34	-0.14	-0.23	-0.95	-1.28	-0.84	-0.69	-0.67	-0.42	-0.33	-0.56	-0.52	-0.16	-0.45	-1.07	-0.62	-0.73	0.35	-1.03	-0.23	0.3	-0.72	-0.73	-0.96	-1.02	-0.53	-0	-0.47	-0.28	-0.96	-0.74	-1.01	-0.92	-0.62	-1.03	-0.41	-0.9	-0.6
RNA: Agilent mRNA/log2	STAT5B	A_23_P100788	-3.03	-2.62	-1.02	-3.25	-2.1	-1.93	-1.36	-3.08	-2.29	-3.34	-2.56	-2.95	-2.28	-5.16	-2.42	-3.67	-2.88	-3.57	-0.32	-3.2	-0.03	-0.46	-2.94	-1.97	-3.01	-2.45	-2.96	-3.15	-1.82	-1.2	-1.58	-1.3	-2.6	-2.46	-2.05	-2.26	-2.07	-2.71	-2.42	-2.3	-2.53	-2.94	-1.73	-2.8	-3.33	-1.91	-3.42	-3.49	-1	-3.35	-4.89	-2.78	-2.1	-2.64	-2.65	-2.21	-3.26	-3.04	-2.86	-2.69
RNA: Agilent mRNA/log2	STAT3	A_23_P100795	-2.76	-1.42	-1.15	-0.2	-0.39	-1.86	-0.79	-1.11	-0.97	-0.55	-1.22	-1.57	-1.85	-1.42	-1.33	-1.04	-0.99	-3.01	-0.85	-2.62	-0.61	-0.12	-2.63	0.39	-1.37	-2.17	-1.13	-2.37	-2.74	-1.17	-1.79	-0.83	-2.42	-2.32	-1.65	-0.28	-0.94	-1.83	-0.58	-0.31	-2.07	-1.78	-1.81	0.43	-2.07	-1.27	-2.7	-2.44	-0.16	-1.93	-6.53	-0.25	-1.2	-0.88	-1.22	-1.25	-1.36	0.21	-1.66	-1.1
RNA: Agilent mRNA/log2	CCDC56	A_23_P100802	4.42	4.29	3.1	3.06	4.89	4.13	4.62	3.6	4.09	3.2	3.97	5.45	4.84	3.53	3.89	4.04	4.11	3.34	3.88	3.97	3.98	2.67	4.54	3.41	4.98	4.31	4.1	4.34	4.03	3.72	4.06	4.55	3.79	4.21	4.9	4.65	3.95	4.6	2.58	3.85	3.83	4.15	5.18	3.64	3.64	4.58	4.18	4.61	4.41	4.76	3.11	3.7	4.37	4.72	4.54	4.49	3.61	5.16	3.98	3.98
RNA: Agilent mRNA/log2	ARL13B	A_23_P10081	-2.3	-1.48	-1.68	-2.62	-2.97	-2.04	-1.7	-1.19	-1.9	-1.12	-2.19	-2.58	-2.68	-2.74	-1.89	-2.03	-1.99	-1.87	-1.85	-2.48	-1.97	-1.91	-3.42	-1.64	-1.58	-1.85	-1.56	-1.63	-2.04	-2.48	-2.33	-1.66	-1.43	-1.44	-1.86	-3.14	-2.17	-2.47	-2.38	-1.61	-3.05	-2.11	-1.97	-2.25	-1.89	-2.76	-2.29	-0.88	-1.93	-1.07	-1.95	-2.02	-1.51	-2.25	-1.68	-2.99	-2.62	-1.74	-1.75	-1.26
